1662 0 0                                                                                                                                                                                                                             
1662 0 0                                                                                                                                                                                                                            
1662 0 0                                                                                                                                                                                                                           
1662 0 0                                                                                                                                                                                                                          
1662 0 0                                                                                                                                                                                                                         
1662 0 0                                                                                                                                                                                                                        
1662 0 0                                                                                                                                                                                                                       
1662 0 0                                                                                                                                                                                                                      
1662 0 0                                                                                                                                                                                                                     
1662 0 0                                                                                                                                                                                                                    
1662 0 0                                                                                                                                                                                                                   
1662 0 0                                                                                                                                                                                                                  
1662 0 0                                                                                                                                                                                                                 
1662 0 0                                                                                                                                                                                                                
1662 0 0                                                                                                                                                                                                               
1662 0 0                                                                                                                                                                                                              
1662 0 0                                                                                                                                                                                                             
1662 0 0                                                                                                                                                                                                            
1662 0 0                                                                                                                                                                                                           
1662 0 0                                                                                                                                                                                                          
1662 0 0                                                                                                                                                                                                         
1662 0 0                                                                                                                                                                                                        
1662 0 0                                                                                                                                                                                                       
1662 0 0                                                                                                                                                                                                      
1662 0 0                                                                                                                                                                                                     
1662 0 0                                                                                                                                                                                                    
1662 0 0                                                                                                                                                                                                   
1662 0 0                                                                                                                                                                                                  
1662 0 0                                                                                                                                                                                                 
1662 0 0                                                                                                                                                                                                
1662 0 0                                                                                                                                                                                               
1662 0 0                                                                                                                                                                                              
1662 0 0                                                                                                                                                                                             
1662 0 0                                                                                                                                                                                            
1662 0 0                                                                                                                                                                                           
1662 0 0                                                                                                                                                                                          
1662 0 0                                                                                                                                                                                         
1662 0 0                                                                                                                                                                                        
1662 0 0                                                                                                                                                                                       
1662 0 0                                                                                                                                                                                      
1662 0 0                                                                                                                                                                                     
1662 0 0                                                                                                                                                                                    
1662 0 0                                                                                                                                                                                   
1662 0 0                                                                                                                                                                                  
1662 0 0                                                                                                                                                                                 
1662 0 0                                                                                                                                                                                
1662 0 0                                                                                                                                                                               
1662 0 0                                                                                                                                                                              
1662 0 0                                                                                                                                                                             
1662 0 0                                                                                                                                                                            
1662 0 0                                                                                                                                                                           
1662 0 0                                                                                                                                                                          
1662 0 0                                                                                                                                                                         
1662 0 0                                                                                                                                                                        
1662 0 0                                                                                                                                                                       
1662 0 0                                                                                                                                                                      
1662 0 0                                                                                                                                                                     
1665 0 0                                                                                                                                                                    
1665 0 0                                                                                                                                                                   
1665 0 0                                                                                                                                                                  
1665 0 0                                                                                                                                                                 
1665 0 0                                                                                                                                                                
1665 0 0                                                                                                                                                               
1665 0 0                                                                                                                                                              
1665 0 0                                                                                                                                                             
1665 0 0                                                                                                                                                            
1665 0 0                                                                                                                                                           
1665 0 0                                                                                                                                                          
1665 0 0                                                                                                                                                         
1665 0 0                                                                                                                                                        
1665 0 0                                                                                                                                                       
1665 0 0                                                                                                                                                      
1665 0 0                                                                                                                                                     
1665 0 0                                                                                                                                                    
1665 0 0                                                                                                                                                   
1665 0 0                                                                                                                                                  
1665 0 0                                                                                                                                                 
1665 0 0                                                                                                                                                
1665 0 0                                                                                                                                               
1665 0 0                                                                                                                                              
1665 0 0                                                                                                                                             
1665 0 0                                                                                                                                            
1665 0 0                                                                                                                                           
1665 0 0                                                                                                                                          
1665 0 0                                                                                                                                         
1665 0 0                                                                                                                                        
1665 0 0                                                                                                                                       
1665 0 0                                                                                                                                      
1665 0 0                                                                                                                                     
1665 0 0                                                                                                                                    
1665 0 0                                                                                                                                   
1665 0 0                                                                                                                                  
1665 0 0                                                                                                                                 
1665 0 0                                                                                                                                
1665 0 0                                                                                                                               
1665 0 0                                                                                                                              
1665 0 0                                                                                                                             
1665 0 0                                                                                                                            
1665 0 0                                                                                                                           
1665 0 0                                                                                                                          
1665 0 0                                                                                                                         
1665 0 0                                                                                                                        
1665 0 0                                                                                                                       
1665 0 0                                                                                                                      
1665 0 0                                                                                                                     
1665 0 0                                                                                                                    
1665 0 0                                                                                                                   
1665 0 0                                                                                                                  
1665 0 0                                                                                                                 
1665 0 0                                                                                                                
1665 0 0                                                                                                               
1665 0 0                                                                                                              
1665 0 0                                                                                                             
1665 0 0                                                                                                            
1665 0 0                                                                                                           
1665 0 0                                                                                                          
1665 0 0                                                                                                         
1665 0 0                                                                                                        
1665 0 0                                                                                                       
1665 0 0                                                                                                      
1665 0 0                                                                                                     
1665 0 0                                                                                                    
1665 0 0                                                                                                   
1665 0 0                                                                                                  
1665 0 0                                                                                                 
1665 0 0                                                                                                
1665 0 0                                                                                               
1665 0 0                                                                                              
1665 0 0                                                                                             
1668 0 0                                                                                            
1668 0 0                                                                                           
1668 0 0                                                                                          
1668 0 0                                                                                         
1668 0 0                                                                                        
1668 0 0                                                                                       
1668 0 0                                                                                      
1668 0 0                                                                                     
1668 0 0                                                                                    
1668 0 0                                                                                   
1668 0 0                                                                                  
1668 0 0                                                                                 
1668 0 0                                                                                
1668 0 0                                                                               
1668 0 0                                                                              
1668 0 0                                                                             
1668 0 0                                                                            
1668 0 0                                                                           
1668 0 0                                                                          
1668 0 0                                                                         
1668 0 0                                                                        
1668 0 0                                                                       
1668 0 0                                                                      
1668 0 0                                                                     
1668 0 0                                                                    
1668 0 0                                                                   
1668 0 0                                                                  
1668 0 0                                                                 
1668 0 0                                                                
1668 0 0                                                               
1668 0 0                                                              
1668 0 0                                                             
1668 0 0                                                            
1668 0 0                                                           
1668 0 0                                                          
1668 0 0                                                         
1668 0 0                                                        
1668 0 0                                                       
1668 0 0                                                      
1668 0 0                                                     
1668 0 0                                                    
1668 0 0                                                   
1668 0 0                                                  
1672 0 0                                                 
1672 0 0                                                
1672 0 0                                               
1672 0 0                                              
1672 0 0                                             
1672 0 0                                            
1672 0 0                                           
1672 0 0                                          
1672 0 0                                         
1672 0 0                                        
1672 0 0                                       
1672 0 0                                      
1672 0 0                                     
1672 0 0                                    
1672 0 0                                   
1672 0 0                                  
1672 0 0                                 
1672 0 0                                
1672 0 0                               
1672 0 0                              
1672 0 0                             
1672 0 0                            
1672 0 0                           
1672 0 0                          
1672 0 0                         
1672 0 0                        
1672 0 0                       
1672 0 0                      
1672 0 0                     
1672 0 0                    
1672 0 0                   
1672 0 0                  
1672 0 0                 
1672 0 0                
1672 0 0               
1672 0 0              
1672 0 0             
1672 0 0            
1672 0 0           
1672 0 0          
1672 0 0         
1672 0 0        
1672 0 0       
1672 0 0      
1672 0 0     
1672 0 0    
1672 0 0   
1672 0 0  
1672 0 0 
